1.1101 2.08705 -0.0506411
-0.347496 0.252068 -0.363695
0.605884 -0.273647 -2.5145
0.641006 -0.188236 0.769678
-0.712082 -1.32424 1.27163
1.15915 1.69233 1.16909
-1.71895 1.86214 0.358952
0.417466 0.732595 0.538793
-0.400054 -1.97931 -0.571298
2.28091 1.28735 1.5028
-2.27172 -0.301437 1.61009
0.225145 -1.23446 -0.674454
0.866331 -0.259191 0.795886
1.38714 -0.0728254 -1.39596
-1.03258 -1.28785 0.226161
0.308187 -0.0794768 0.577892
-0.358203 -0.207946 0.265893
0.300349 -0.949422 0.570307
-1.11381 0.43388 1.41264
-0.321359 0.104389 1.80948
0.0474476 1.75067 -0.937486
1.24417 -0.39089 -0.0531236
0.844847 1.05461 -0.892639
-1.52985 -1.7035 -1.14513
2.22414 0.463291 0.0195416
0.39271 -0.277871 0.170779
-0.00641742 -0.110127 0.456122
0.472805 -1.7413 -0.206825
-0.749836 0.375671 0.845629
0.980675 -1.05843 -0.380287
0.154229 1.26435 -0.592286
1.5565 0.0774988 0.109616
-0.227977 -0.754913 -0.627411
0.894644 -0.216912 -0.200412
-1.32841 -0.229939 -0.883459
-0.904516 -0.938204 0.851718
0.0541931 1.5441 -0.102729
-0.86296 0.475332 0.213673
-1.06204 0.327119 0.357876
0.563226 -1.15449 0.888044
0.786889 1.8357 0.239599
-0.304702 0.554019 1.41489
-0.0695497 1.40111 1.11648
-0.718388 -0.461461 0.303544
-1.70496 0.0954914 0.152306
0.290527 1.32039 0.539933
-0.641019 -0.187647 -0.779158
1.33681 0.201813 -0.0408204
0.155588 -0.0860033 0.305092
2.08178 -0.338774 -0.0708052
0.038588 -1.88258 1.66674
-0.562489 -0.193013 0.215758
-0.105514 -0.238325 -1.0515
0.730646 -0.707381 1.54705
0.319236 -0.648097 0.672589
0.163729 1.27824 -0.49661
-0.891123 -0.195475 0.676822
0.985429 -0.254528 0.509905
1.31713 -0.584006 0.947172
-1.37333 1.11289 0.163121
0.505623 -0.155037 0.701191
-0.89902 -0.480407 -0.981786
-0.159352 -0.853142 0.581958
1.01119 -2.04511 -0.20249
0.973994 -0.238531 -0.864985
-0.501975 0.280045 -0.0431297
-0.242362 -0.680024 -0.444585
0.351762 -0.242632 0.620266
-1.074 1.74638 0.0150519
1.33978 -0.251357 0.21756
0.528939 -1.80877 -0.204943
0.102713 1.29909 0.730319
0.396976 -1.15097 0.669917
0.905164 1.23726 -1.13146
-0.111086 -0.550023 -0.954627
0.779234 -0.182261 0.494877
-0.394803 -0.492491 0.232827
1.22358 -1.00165 -1.16744
0.264499 -0.799108 0.543431
0.590069 0.46512 -0.000613194
-0.0922981 0.534587 -0.87808
-1.49799 -0.177826 0.407
1.94076 0.843497 0.177145
-0.936076 -0.58148 -0.351062
0.799445 -1.99702 0.180363
-1.46351 0.0915847 -1.22143
1.01151 -0.588746 1.41282
-0.680967 0.434443 0.743435
-0.290069 0.0910129 0.651856
-1.49997 -0.176838 0.165755
-0.834082 -1.03302 0.549754
-0.597307 1.77435 -0.655673
1.41749 -0.662776 -0.363827
-2.09693 0.889896 -1.86839
-0.028241 -1.36377 -0.315872
1.61462 0.585152 0.333528
1.53808 -0.242687 -0.453515
-0.974087 -1.88313 0.546511
1.33881 -1.0076 -0.630961
-0.703986 -1.40434 -0.165318
-0.7636 -2.9641 0.0464315
-0.993225 0.86357 -1.30906
0.493948 0.191748 -0.163262
-1.49425 0.17093 0.630707
-0.703911 0.0501966 -0.256899
0.470101 -0.768915 -1.54224
-0.350579 1.4609 0.449923
0.274706 -0.573425 -0.482086
-0.693822 -1.06904 -0.55019
0.506213 -0.0627746 0.901273
-0.662066 -0.0539275 -0.0486409
0.0319046 -0.625826 0.84216
-0.672263 -0.385397 -0.786407
-0.539692 0.689144 -1.11398
0.833918 1.74454 -0.239992
0.651497 0.627194 0.167603
0.0758076 0.192419 0.340458
0.226316 0.496923 -1.72019
0.68766 -0.289993 0.627919
1.28073 -0.32971 1.32815
0.039353 -0.449683 -0.686596
-0.821265 -0.581965 0.335554
-0.158962 -1.46332 -1.0283
1.31719 1.88908 0.361961
0.438268 -0.101874 1.11047
1.52775 1.02179 0.112494
0.359203 -0.977864 0.0689212
-1.2228 -0.0685369 -0.541008
-1.11953 -0.0873327 -0.104633
-0.359951 0.197085 2.19154
-2.05442 0.687263 -0.179514
0.765243 0.0349957 -0.148914
2.23058 -1.09333 1.40791
-1.33178 1.02263 0.0634488
0.297586 0.75039 0.372859
-0.635803 -0.147371 -0.66641
0.192773 -1.1421 0.594661
1.60995 -0.401698 0.716542
0.203833 -2.1116 0.588672
0.999989 -2.18366 -0.289048
1.35382 -0.510143 -0.84165
0.704255 -0.708127 0.0557316
0.0697039 -0.251145 -0.660924
0.0618173 -0.174615 -0.665976
2.09466 -0.518209 1.36329
-0.0344107 -0.202006 -0.669457
-0.348901 -2.35643 -0.499838
0.342651 -0.0879695 -0.336576
0.746676 -0.0991988 -1.13476
-1.25665 -0.377263 -0.986833
0.616053 -1.3151 -0.251735
-1.28874 1.06423 -1.01772
1.15381 1.2521 0.308156
-1.05324 0.186073 -0.228702
-0.721999 0.0739461 1.69768
-1.13249 -1.05453 1.14797
-0.644426 -1.58533 -1.68371
0.201379 -0.307832 -1.00358
-1.19286 1.12401 -0.51133
0.652375 -2.35005 -1.44897
0.0109617 2.5013 1.88964
0.483632 0.351096 -0.0909391
-1.75044 2.50266 0.7394
0.366922 0.806168 0.748816
0.338185 -0.105411 0.349548
-0.59645 0.328153 0.00137212
-0.75463 0.735567 -0.17538
2.44887 1.9252 0.0956755
0.66529 1.94574 0.20699
-0.0734925 1.19304 -0.171528
-0.437011 -0.726481 -0.0520047
0.928464 -0.884382 -1.31165
-1.68942 0.170664 0.651173
1.073 -0.905234 0.568332
0.623377 0.215844 -0.02506
-0.497792 -0.317758 0.911846
2.0324 0.300892 -0.703346
-0.197473 1.54121 0.328814
-0.178548 -1.18713 -2.01789
-1.92784 -1.98216 -0.733352
0.577086 1.06973 -0.240122
-0.863761 -0.737758 0.149759
0.116111 -0.0312055 0.664038
-0.437609 0.715209 1.03614
-0.740394 -1.57584 -1.6098
1.68695 0.00688103 -0.314285
1.41395 -1.22153 0.0966487
1.11889 -0.544721 0.722796
-0.52003 0.373585 -2.27541
-1.07274 1.27577 1.50019
1.36178 -0.726047 -2.86535
1.58709 -1.16913 0.0110029
1.19353 0.414783 -1.13357
-0.887794 0.264207 -0.959124
0.64953 -0.120445 0.875733
-0.804455 -1.26813 -1.11462
0.531032 -0.862337 -0.504382
0.233092 0.922439 -0.58319
0.79507 -1.16928 -0.06171
-1.2603 -0.0125819 -0.462268
0.0683078 1.04347 0.109548
-0.868259 0.787998 0.710723
-0.358846 -0.61385 0.234653
0.565433 -0.7899 0.629977
0.279216 0.285879 -0.70438
-0.609453 2.84531 1.41239
-0.825729 -0.763773 0.18856
-0.293988 0.303409 -0.461168
1.51489 0.943972 0.0520167
1.84123 -0.506199 0.785077
0.97505 -0.302586 0.0338779
-1.23653 -0.406583 -0.86834
0.956658 1.12143 0.91911
-0.734128 0.958519 -1.44244
-0.5658 -1.09363 -0.103984
-1.03041 1.02551 0.872401
0.983572 1.65225 0.30937
-0.506283 0.447798 -1.0089
-1.31747 -0.163202 -0.380643
-0.268324 1.02745 0.381221
1.02553 0.733705 -1.58099
0.770782 -1.80125 0.915685
-0.739739 -1.10931 0.630429
0.362757 1.6255 -0.422404
-0.561385 -0.278986 0.168477
1.32543 0.748448 1.42743
0.398978 -1.0818 -0.61427
-0.326809 -0.692632 -0.202859
1.42192 0.891927 1.25446
0.232624 -1.38623 0.647264
-0.281802 -0.000306051 -1.70677
0.562923 1.69076 -0.611164
-0.0667934 0.695936 0.634986
2.74215 -0.0206337 1.90368
-0.758029 0.744894 -0.627622
-0.508185 0.862931 -0.496622
1.12341 -0.85985 1.08108
-0.0234221 -0.0794578 0.881022
-0.123306 1.4578 -0.689018
1.18407 -0.809724 -0.502009
-0.0359555 -1.19705 -1.33107
-1.86764 -0.1742 -0.407248
-0.955746 0.618967 -1.29707
0.550812 0.135863 1.13742
0.424727 0.0662821 -0.196516
-0.673704 0.0891822 0.469988
2.50413 -0.579285 1.45235
-0.184048 -1.00176 -0.0459499
0.761803 0.632845 0.265823
0.505232 1.91305 -0.399712
-0.608903 -0.154504 -0.807873
-0.526103 0.104751 0.24418
-0.00410354 -0.745832 -1.38975
-1.05403 -0.0111387 1.3938
-0.94089 -0.0135852 -2.01451
-0.362969 -0.235308 -1.50199
-0.199273 0.643477 -0.417542
0.491258 0.663293 -0.211355
0.764977 -1.28559 1.30848
0.22865 0.087617 1.5659
0.401386 0.747751 0.734003
0.379102 -0.567834 0.391344
-0.0500683 0.339469 -0.0300157
-2.10483 0.0263126 -0.524917
-1.08745 0.364855 1.53015
1.63449 -0.960942 -1.12277
0.656803 0.220732 -1.57821
-1.45433 0.0353133 0.917618
-0.787853 1.1205 -0.0487499
0.295747 -0.873731 -0.791221
-0.896929 2.41802 1.67756
-1.39226 1.08541 0.567776
-0.267121 -0.154884 0.240912
-0.647707 0.216802 -0.51735
-0.117406 0.754717 -0.203263
0.701949 0.907572 -0.269799
0.56053 0.292627 0.0978839
-1.57312 1.28709 -1.42653
0.726328 1.62604 -1.6121
1.19774 2.1428 0.788349
-0.0450196 0.823086 -0.0275823
-1.22718 2.22776 0.876185
0.881899 0.111756 -1.53165
0.28933 -0.421436 -0.30743
0.0885779 -1.3738 0.314142
-1.46085 -0.476452 -0.648224
1.59221 1.15215 -0.22091
-2.04143 -0.377569 -0.20819
1.15382 0.606454 -0.354263
-0.369332 0.211395 -1.32063
-1.14607 0.252416 -0.181786
-0.779908 0.69201 -0.30913
1.35156 -0.865376 0.128458
0.817053 -0.590072 -0.71732
0.699798 0.42281 1.96018
0.677823 0.336062 0.433323
-0.346182 -0.601104 0.444511
-0.646539 -2.86625 -0.101363
0.679158 -1.0347 -0.783412
0.410625 1.19414 0.318215
-0.619505 -0.14492 -0.259434
-0.0699357 -0.413433 -1.99746
-1.46877 -0.0545484 0.0371092
-0.132623 0.862222 -0.763396
-0.816706 -0.566319 -0.517966
-0.238836 -2.51997 1.96392
-1.29384 2.15696 0.665827
1.02548 0.595888 0.151865
0.254315 -0.512141 0.857424
-0.303026 -1.5724 -1.06859
-0.223905 1.00424 -0.43499
1.48726 1.86506 0.936791
1.8318 1.71365 -0.277258
-0.547792 -0.983109 -0.0551386
-0.963918 -0.463231 1.06771
0.226844 0.0891087 0.891413
2.49572 -0.350692 0.301126
0.948944 0.145823 0.135317
1.18544 -0.00324014 -1.93125
-1.72223 -1.62046 0.926149
-0.335046 0.461536 -0.306314
0.665461 0.0496645 -0.928046
-0.0908622 -0.301293 0.151804
-1.28125 1.17675 0.916502
2.3766 -0.280741 -0.405601
0.557651 0.705391 -0.449779
1.69231 -1.23708 0.187781
1.36887 0.915134 0.0756701
-0.510496 1.40652 0.0861085
0.632138 1.6123 -0.0454867
-0.102639 0.213516 0.729297
-1.54244 -0.419087 -1.52908
0.848346 1.02942 -0.872752
-0.543042 2.43315 0.281382
-0.325517 1.24754 0.447883
0.862255 -2.1784 0.85349
-0.526729 -0.42329 -1.47434
1.06499 0.154653 1.05954
0.0912353 0.0742402 1.28335
-0.265814 -0.875214 -2.19109
-0.723942 -1.50638 0.276114
0.830583 0.544713 0.609799
0.404099 0.799415 -0.501192
1.07824 0.734015 0.0520264
-0.707537 0.708901 0.416466
-1.02894 0.526904 0.72312
-1.24231 -0.808327 -0.78567
0.462575 -1.04655 1.62091
-0.722322 1.03826 -0.808
0.323166 1.84129 -0.729866
0.914348 -0.822746 0.452293
0.710915 1.07143 -1.15556
-1.28877 -0.0192226 0.610656
-0.424988 -0.416752 0.169368
-1.82321 0.159669 0.975841
-0.652681 0.674059 -0.143516
-1.34893 -0.362523 1.04632
-0.572918 0.0691933 -0.328249
0.114548 1.80718 -0.77825
-1.20412 0.810196 -2.40417
0.0344833 0.115292 0.377001
-0.302159 -0.250161 -0.431344
-1.48889 -0.74904 -0.678664
-1.46463 -1.17131 1.02505
-0.885555 -1.08251 -1.14988
1.0804 0.2621 -0.627166
-1.2818 -1.26241 -0.502678
0.800786 1.24759 -0.992342
0.101309 1.38923 0.0877413
0.812524 1.19713 -0.55713
0.586722 0.352599 0.881489
0.977265 -0.223461 -0.864859
1.12784 -0.0463774 -1.26886
-1.07198 -0.09611 -0.611735
0.116007 -0.877473 -0.200365
1.21044 0.199071 -1.21102
1.27219 1.32545 0.624953
1.5326 0.349398 -0.847607
0.463667 1.33319 0.333222
-2.48654 1.56931 0.25705
-0.865309 0.436765 -1.34217
1.37391 -1.36123 0.0194369
1.02767 1.09852 1.98494
0.605283 2.02166 -0.674338
-0.42264 0.695784 0.340638
0.17985 -0.605299 0.468875
-1.18604 -0.537583 0.161291
0.451652 0.536668 -0.219668
1.75724 0.554868 -0.426626
0.595081 -0.401539 -0.128978
-0.88109 1.80777 -0.310406
-1.07864 1.19589 0.747651
0.397605 1.39139 -1.92944
0.915024 0.151498 0.769826
-1.04304 0.138463 -0.694301
-0.518988 0.708879 0.826924
0.350256 1.56493 0.835842
0.793294 -0.997277 -0.936524
1.08208 0.0923826 -0.350526
-1.31829 -1.86135 0.273751
0.127035 0.157035 0.77321
-0.103517 2.68366 0.874241
-1.22832 1.11411 -0.00485421
0.0123992 -0.967726 1.09146
0.955383 -0.596998 0.472957
0.510148 0.344905 -0.648117
-0.799682 0.621791 -1.98845
1.56228 0.0671837 0.230414
1.07894 -0.0849547 0.191693
0.138616 1.63542 -0.652605
0.105292 -0.549255 -0.166066
0.190564 -0.24207 1.5358
0.0869018 0.937178 -0.414225
0.73217 0.453164 0.368252
-0.317178 -1.63775 2.10066
2.98108 0.139405 -0.050044
1.24336 0.827512 -0.199031
0.374021 -0.422405 0.654753
0.462748 1.84315 -0.27469
-0.186286 0.939846 -0.510469
0.995733 2.25493 -1.04683
0.237173 -0.54491 -0.480992
0.684553 -0.0661616 0.773529
1.28852 1.70086 -0.4344
0.632054 -0.938831 -0.327105
0.676778 -0.601695 0.289624
-1.48398 0.47427 -0.930035
0.652977 -0.755268 1.075
-0.111702 -1.05696 -0.0549746
-1.26383 0.846388 -1.95596
0.31469 0.228266 0.324434
0.388808 0.899801 -0.20163
0.827008 0.235677 -0.200724
0.364516 -0.440066 -1.53203
-1.38129 0.544684 1.58453
1.7674 1.13203 -0.0456153
1.13565 -2.53067 -1.6155
1.70644 -0.271916 -1.05649
0.128214 -0.439111 0.285376
-1.16938 2.14337 1.3417
0.0775968 -0.291194 -0.792815
-0.458617 0.0131456 0.519586
1.89772 -0.355277 0.385022
0.171444 1.20626 1.12827
1.27403 0.602528 1.63034
0.0576441 -1.53248 -0.0181145
-1.00946 -0.579227 1.6266
-0.0265557 -0.409027 0.210045
0.0146206 0.597128 1.70587
-0.637859 0.465575 0.490551
1.1889 1.22763 0.348298
-0.436229 -0.957615 -1.40829
2.09735 0.0190689 1.08868
-0.72947 0.908906 -0.0575566
-1.08296 0.620974 -0.504735
-0.264405 -1.26255 -2.01568
-1.47485 -0.715493 0.736793
-0.543569 0.0378242 -0.975301
0.304736 0.312313 1.57865
1.29361 0.226258 -1.44318
2.14407 2.30136 0.508749
-1.38104 0.764726 0.414338
-0.00850685 0.0273476 -0.989536
0.186067 -0.155067 -0.0984918
1.70378 0.0933028 1.0349
1.17743 -0.272468 -1.55905
-0.685729 0.122029 -0.894186
-0.692686 -0.682384 -2.07984
0.204364 0.234795 1.31155
0.664531 -0.214804 0.0980181
1.68899 -0.301822 -1.21888
-0.263691 -1.19793 1.06077
-0.201264 0.362467 -2.27515
1.14848 -0.502143 1.98197
0.334366 0.00931491 0.638659
0.223712 -1.78425 -1.13067
-2.02605 0.00208137 -0.626205
0.447286 -0.93265 -0.173432
-1.50985 -0.373851 1.24156
-0.120679 -0.0588415 0.614988
0.639876 1.07767 1.08998
-0.0481257 0.168232 1.73501
-1.32909 1.34908 -0.602878
-0.176357 -2.68453 0.841526
0.734795 2.16473 -0.899837
0.698671 1.5672 0.655094
0.413275 0.0522563 1.13181
-0.247501 -1.55223 -1.17476
-1.68097 0.168222 -0.869373
-0.97588 -0.808795 -0.555971
2.00573 -1.76941 1.49947
1.79664 -0.459156 1.29889
0.470151 -1.41746 2.03384
-1.18906 0.688121 -0.430567
-0.349571 -0.601164 -1.00513
-2.21893 1.91159 0.297628
0.238787 0.63894 0.0165057
0.64635 -0.645085 1.44298
-1.30504 0.890053 1.26119
0.4806 -0.617197 0.273189
-0.505716 -0.0517855 -1.19595
-1.20384 1.2173 0.368497
1.73944 -0.038965 -0.700757
1.10041 0.246725 0.646285
1.67537 0.673956 -1.14708
0.914205 -0.0812571 -0.796369
-0.674247 -0.0958471 0.643531
0.0930377 -0.497191 -0.537381
0.382256 0.47997 1.18643
-1.54647 -2.17965 0.875006
0.519472 -0.351329 0.125258
1.38636 -0.0758211 0.852125
-1.26833 0.830546 0.558637
-0.201803 0.100231 2.21171
-0.0602771 1.18644 1.14698
1.44924 -0.0518999 1.23901
0.0964532 -0.765705 0.427522
0.323119 -0.267055 1.27114
-0.800224 1.14131 -0.312623
-0.480861 1.0013 -0.581756
0.86638 -0.716287 0.230063
-0.303688 0.399241 -0.903062
0.423061 1.8966 0.696948
0.262287 1.21222 1.10126
-0.187666 -1.70554 0.356815
-1.76085 -1.35582 0.650435
0.964759 0.546501 0.0585602
0.32502 -0.596467 0.577056
0.196311 0.92764 -1.21317
0.381136 -1.09783 -0.544914
-0.847418 0.696808 -1.11667
-0.583972 1.89344 -0.512803
-0.503992 -0.0133046 -0.187078
-0.449765 0.677023 -1.55226
0.437977 1.00243 -2.21264
-1.12428 -1.74377 -0.679442
-0.453128 -0.653841 -0.06
-0.330682 1.78584 -0.98352
-0.540863 0.433936 -1.55267
2.10584 -0.767416 0.313006
0.176554 -0.366066 0.261899
-0.663767 -1.0277 0.457198
-2.48714 -1.16013 -1.15435
-0.0835423 0.020298 -0.718852
-0.536647 0.566933 1.86364
-1.75023 0.416735 0.184106
-0.181852 -0.185705 -0.573896
0.293024 -0.117094 -1.80949
0.283127 -0.100799 0.28854
-1.3235 0.111571 -0.854688
-0.49013 -0.231357 -0.625874
-0.0717961 1.08638 -0.239897
0.721034 -1.12908 -0.644989
0.582018 -0.141093 -0.947369
-0.538643 0.335354 0.13636
0.0273169 -0.0710117 -0.00387584
-1.09235 -2.39326 2.42542
0.590977 1.26416 -1.43055
1.21057 -0.741264 0.155446
-1.04452 -0.0984833 0.311759
0.802274 0.253616 -1.23051
0.302312 -0.779511 -0.118464
-0.144424 -0.0472114 0.252316
-0.409838 -1.05488 0.862144
0.610105 -2.52653 -0.378727
0.693897 -1.82729 1.02863
1.16002 0.50126 -1.1643
1.062 -0.632727 1.44864
0.617359 0.321954 1.51486
-0.285718 -1.00271 -0.173139
1.03078 -0.779365 -0.685861
-0.824968 1.10339 1.16042
0.510495 0.470569 -0.764402
-0.513079 -1.05727 0.257913
0.121693 0.158402 -1.04372
-0.596452 1.76271 0.0965833
-0.393553 -0.814485 0.21371
-0.559646 1.68781 1.20711
0.127179 0.336456 -3.00604
-0.630695 1.16162 -1.32119
-0.2134 0.326514 -0.502093
-1.6757 1.67193 0.0124888
0.31273 -1.8394 0.323816
-1.19024 0.185838 -1.6591
2.54021 -0.700611 0.60723
-0.710102 0.419774 1.70775
0.81323 -0.874799 0.600743
2.52194 0.488099 -0.82416
0.741053 -1.37208 0.210519
-0.887607 1.00363 -0.848739
-1.36177 1.08734 -1.20912
0.771376 -0.530907 -0.361344
0.0276176 0.955761 -0.464677
-0.349676 -0.986673 2.82242
0.560958 1.32134 -0.640361
-0.198185 -0.0785254 -1.52462
-1.44777 -1.80598 -0.0195486
0.111324 -1.96429 -0.0766165
-0.835187 0.625461 -1.54299
-1.62653 1.35503 -0.00959921
1.3673 -0.815581 0.263218
1.10304 -0.63051 1.45842
-0.410744 0.315344 -1.37852
-1.67439 0.158046 -0.798319
1.23783 -1.68875 0.134664
-1.01804 1.58197 1.33367
-0.754738 -1.99956 0.265929
0.685292 -0.410688 -0.8261
-1.12506 -1.90272 0.367702
0.853833 -2.44422 -2.17542
1.07154 -1.33224 -0.377167
0.306379 0.129427 -0.688908
-1.22988 1.28518 -0.543059
1.15712 -1.19141 -1.96897
0.0921726 -1.03689 0.492922
1.19552 1.18089 0.144194
-0.858164 -0.437661 1.64884
-0.837491 -0.811017 -0.431532
-0.794052 -0.724133 -0.293548
0.02676 0.574047 -0.350348
0.880561 0.355483 0.743531
0.25167 1.3147 -0.984079
0.127165 0.0604306 0.540309
1.31674 1.52631 0.353527
-1.3875 -0.743472 -0.753598
-1.24538 -0.0960218 -1.29597
-0.198658 -0.00670683 1.47731
-0.00511606 -0.729056 0.455006
-1.02864 0.140943 1.10171
1.03434 0.196343 -0.81268
1.33465 0.0979874 -0.235674
0.0308896 0.299075 -0.71949
-0.0628997 -0.739423 -1.42455
-0.815498 -1.81746 1.16886
-1.38344 -1.08353 -0.132858
-0.0732049 2.09967 1.09256
-0.269446 -0.901353 -0.0928813
-0.16542 -0.20699 -0.828279
1.52124 1.80125 -0.448475
0.800664 -1.09623 -1.644
0.123801 0.212292 0.123111
-0.112493 1.27887 -0.571169
-0.15125 -0.141867 0.254168
1.61786 -0.154371 -2.05848
0.526535 1.06885 -0.0848471
1.58379 1.4775 1.82853
0.156911 0.528694 -0.151524
0.272051 0.250821 -1.3944
-0.152974 -0.97222 0.468856
0.109024 -0.229054 -0.165008
-0.79805 0.19729 0.310053
-0.924175 0.310905 -0.140009
0.94837 -1.68932 0.760262
-0.856336 -0.79673 1.60321
0.217614 -0.852228 0.829739
-0.336453 -1.55054 -0.327989
-1.0605 -0.0570466 -0.844694
1.28806 1.27177 -1.97135
-1.50254 0.664468 -1.134
-2.2667 -0.261018 -0.670597
1.148 -0.0844526 -1.69919
-1.31188 -0.455026 -0.801911
0.270071 1.42355 -1.09677
-0.994432 0.0949847 -2.34141
-0.709758 -1.84844 -0.13948
-0.206795 -1.95351 -0.310901
-0.880592 -0.276058 -0.138016
0.387796 -0.469066 1.31071
0.391143 0.19834 -0.119671
-1.37167 0.886288 0.485458
2.04301 -0.563256 0.124617
0.350582 -2.07325 1.15604
-0.152192 0.679256 -1.20044
0.359459 0.60019 -0.0634418
0.319077 1.1291 0.619344
-0.449593 0.771551 0.650803
-0.562178 0.359201 1.08497
0.018185 -0.0628747 0.58789
-0.4627 0.0536672 -0.315942
-1.32531 0.0898625 0.285353
-0.169356 0.522915 0.833198
-1.21549 -0.697169 0.169125
-1.7954 0.538929 -0.549961
-0.620224 0.0560336 0.491926
-1.06369 1.66129 -0.556453
-0.108285 -0.827283 -2.42153
1.0418 -0.58082 -1.05329
0.672874 -1.48259 -0.136708
0.110085 1.75644 2.0429
-1.31276 0.287322 -1.39518
-1.67574 -1.17104 0.229169
1.43917 -0.000747808 -0.217394
0.964282 0.568005 -0.690613
1.39574 1.57146 -0.316003
0.982439 -0.112828 0.330877
-2.32776 -0.499316 -0.00410245
1.2458 0.378715 -1.77445
0.300136 0.412143 0.195464
1.24488 0.541682 -1.88816
-0.541427 0.349595 -0.896901
-0.235973 0.195012 -0.179773
-0.804161 0.33691 0.0171195
1.21987 0.950483 0.117053
-0.44633 -0.0255114 1.47661
0.0258481 -0.9866 -1.1495
0.0453853 1.65427 -1.29431
0.281562 -0.36842 -2.94684
0.267205 -0.629385 -0.694061
1.39432 -1.36908 -0.960737
0.879147 -0.354507 -0.377915
0.30173 0.524655 -0.492357
2.33063 1.25148 -0.208745
0.0827782 0.642559 -1.17165
2.71688 -0.500394 0.15934
1.44232 -1.20025 0.959181
0.561873 0.631789 -0.999937
-0.651636 -0.167925 0.422944
0.59444 -0.666261 0.710212
0.703421 0.593059 -1.91683
0.480779 0.0683774 0.906637
-1.02559 -0.0505766 -0.44922
0.541099 0.71616 -0.0384111
-0.315745 -1.31673 0.356054
-0.665937 0.229225 -1.87284
-0.154334 0.659545 2.27329
-1.75283 -0.612232 1.0698
-0.905295 -0.192965 -0.57028
-0.639948 -0.492416 -1.04498
0.153762 -0.919164 -0.30998
0.435996 0.833882 1.44735
-1.53104 1.71549 1.74588
0.03807 0.195672 0.802959
-0.760158 0.636353 -0.598381
-0.436277 -0.0383946 0.421598
0.83744 0.313009 0.568282
1.98381 -0.525101 -0.29284
0.474942 -0.350736 -1.52117
-0.339788 2.804 0.875538
1.46714 -0.937367 0.604587
1.09076 1.31368 -1.74342
0.438415 -1.41252 0.437337
0.412631 -0.352561 -0.223763
1.34388 1.22497 -0.744955
1.74783 0.416085 -0.499866
0.723813 -0.0127988 0.351192
0.753089 1.5891 -0.309608
-0.205487 -1.21644 0.864897
-0.403187 0.133841 0.912439
-1.09327 -0.667181 -1.00588
-0.477527 2.203 0.620767
-0.975532 -0.356105 0.402587
-2.07738 2.1763 0.233434
0.278006 -0.817276 0.322301
-0.752509 -0.577568 0.00206012
-0.383665 1.10341 -0.512103
0.813256 0.0359571 0.788009
0.233441 -0.330083 1.52748
-0.858752 -0.79744 1.45262
0.752911 -0.0915672 -0.778291
0.614856 -0.149305 1.56437
-1.26616 0.251154 2.13517
-1.66616 -0.715627 0.582731
-0.6988 -0.27983 -1.98035
-1.50522 0.0548698 2.16072
0.156303 0.398178 0.650391
-0.677268 1.56541 0.509372
0.893387 0.1271 -1.1234
-0.150847 -0.278005 -0.322951
0.762104 -0.137843 0.694092
0.349534 -0.342931 -1.04156
-2.47817 1.55644 -2.07625
-1.7862 0.198646 0.586999
-0.73294 -0.644133 -0.171905
-0.973111 2.61126 -0.763328
-1.52427 -1.00038 -1.54437
0.460538 -1.30635 0.765931
-0.382646 0.0718707 0.610151
-0.719601 1.39321 -0.694195
1.65876 -0.114758 -0.75529
-0.131963 -0.963375 1.22303
-0.0639535 -1.16011 1.47162
-1.39142 -0.888536 0.919297
-0.582248 1.57473 0.847707
-0.887954 1.42847 -1.70459
-0.60875 -0.189204 -1.35725
0.889334 1.10357 0.612908
1.07106 0.241201 -1.35341
1.33465 -0.543865 1.48941
0.434734 0.165916 -0.559222
2.02122 0.0752232 0.491735
-0.13319 2.03198 0.0116543
1.28081 0.182725 -0.0921129
0.595515 -0.778583 0.373105
0.321656 -2.19844 1.74196
-0.393411 0.374072 -1.48884
-1.27288 1.44706 1.68855
0.258824 -0.813697 0.285328
-0.264417 -1.8823 -0.309209
1.17792 -0.264272 0.640795
-1.19488 0.575164 -1.26454
-2.1099 0.818072 -0.115846
0.448953 -0.0952884 -0.0979134
-0.645317 0.526442 0.561106
2.11836 -0.318254 0.717567
1.77864 1.48116 1.08552
-0.327169 -0.563564 -0.570575
0.0151185 -0.515569 0.586219
-0.181599 0.210531 0.0217491
-0.612071 -2.4214 0.973582
-0.815959 0.585296 -1.18352
1.83269 1.12754 0.123515
-0.529824 0.655469 1.18027
-1.21654 1.10237 1.01831
0.706403 -0.311174 0.344864
-1.18266 -0.994299 0.760699
-0.634508 -0.941268 -0.56614
0.527355 -0.57371 -1.31567
-2.70402 -1.22925 0.571215
-0.145855 0.114146 -0.145557
-0.419011 -0.320331 -0.454212
0.179337 0.357133 -0.862407
-1.81962 -0.590222 1.02847
-1.09563 -0.678488 0.0543209
-0.482122 -1.71527 1.34389
-0.195621 0.57326 -0.135726
1.13437 -1.18604 -0.356116
0.670011 1.53076 1.67296
1.04724 0.350069 -0.988034
-0.320036 1.30798 -1.18231
-1.01234 1.25012 0.0749479
-0.168781 1.20776 0.7811
-0.911426 -0.338791 -0.696316
0.0883222 -0.837588 0.259549
0.41141 -0.0915835 -1.06171
-0.455647 -0.225417 -1.36036
0.404726 1.05047 -0.9684
-1.60878 -0.575961 -1.04595
-0.898338 -0.350437 0.220314
-2.40146 -1.48305 -0.140902
1.75284 -0.695096 -0.432668
-0.512046 2.50351 1.31802
-0.0899492 1.46011 -1.04243
-0.614558 -0.229096 -1.47305
-0.544487 0.639637 -0.2591
1.28966 0.557297 -0.608243
0.568837 -0.0305877 0.0628201
-0.784856 -0.973982 -0.000596797
-0.070892 -0.309777 1.83951
-2.32626 -1.46525 0.457006
-1.02391 -0.459317 0.15164
0.345973 0.560011 0.0544218
1.14002 1.12088 -0.221772
0.293057 -1.02197 -0.622496
-1.37798 1.10233 -0.645023
1.04273 1.5577 -1.24179
0.593399 -0.858453 0.0479497
-0.505072 -0.970414 0.519216
-2.34865 -0.871602 -1.75629
-0.195128 -2.36574 -0.639099
0.593036 0.535873 1.14398
0.00343338 0.170066 -1.59159
-0.193259 0.433068 -0.490526
-0.875842 0.384869 1.21451
-0.597874 0.321598 -0.657365
0.740925 -0.529675 -0.352138
-1.38353 -0.782224 0.964171
1.3117 -1.37139 0.27437
-0.884005 -0.269615 -1.9151
0.674623 -1.25048 -0.361716
-0.389603 -2.51075 0.21736
0.577756 -2.01489 0.396634
1.91997 -1.79213 -0.561536
0.444097 -0.262887 -0.865453
0.12037 -0.653955 -1.01963
1.95506 -1.28908 0.59191
-0.952331 0.727047 -0.436011
-0.204814 -0.346881 -1.46745
0.639393 -0.168488 0.113648
-0.466416 -1.58923 -0.940031
-0.273968 -0.280709 -0.178179
0.915955 -0.276318 0.926254
-0.635771 0.981598 -0.935215
-0.808625 -0.728651 0.293585
0.59159 -0.44312 -0.140794
0.332745 1.76284 0.0601037
0.654267 -0.247851 -0.453604
-1.08831 0.466353 1.34768
0.468579 -0.560079 -0.150857
0.382965 -0.500205 -1.74837
0.806613 -0.685416 0.89181
-1.72792 -0.264598 0.914121
0.36794 0.196507 0.571204
-0.318918 -0.298409 -0.676412
0.303956 -0.172272 -2.00245
-0.258134 0.270344 -0.142998
-0.360696 0.816345 0.0108728
-0.146619 0.284426 -0.298526
1.1179 -0.414363 0.190126
2.22308 -1.71062 1.55542
-1.88154 -0.487929 -1.02867
-0.120008 -0.706036 -0.358234
0.482982 -0.239965 0.0196545
-0.461945 -0.57603 0.204469
-0.442726 -1.35156 0.687589
-1.2961 1.56376 0.380778
-0.716846 -1.25015 1.10951
0.704472 1.07141 -0.426417
0.215834 -1.90134 1.70389
-1.54225 0.957635 -0.53819
1.34041 -0.393032 -0.739158
0.336945 0.18076 -1.59509
-2.34826 1.55868 2.32925
0.0183959 -0.155197 -1.15323
1.94541 1.48447 0.705198
0.931518 -0.142476 -0.0518352
1.51024 -0.202203 -0.589045
0.0491189 0.51413 -0.392066
0.965259 0.354936 0.307156
-1.13521 -0.332074 0.148938
0.769671 -1.0959 0.511004
1.75625 -1.40425 -0.0234203
-0.279205 -0.0757745 -0.822155
0.504134 0.494316 -1.87164
-0.565548 2.63773 -0.072276
-1.23882 0.493671 1.48645
-1.17619 -0.782382 -1.49793
0.481668 0.108202 -1.0044
-1.11067 1.32469 -0.849405
-1.06466 0.165544 0.89054
-0.242231 -0.506083 -0.76867
-1.28553 0.21816 1.20126
-0.512539 -0.945741 -0.404992
0.332946 1.2267 -1.31834
-0.443808 0.0710746 -0.288997
1.66641 -1.13262 -1.26947
0.207675 1.29378 0.626841
0.153743 0.865359 -1.22362
-1.63815 -2.00437 -0.0370959
-1.51266 0.1713 0.356169
0.229313 1.52119 -0.406811
-1.46578 -0.636855 0.904166
-0.458886 2.12486 -1.10682
1.70267 2.13204 0.227994
-0.164602 -0.861476 0.463192
-0.89206 0.820656 0.521965
-0.080028 -0.00618059 0.107134
0.801768 -1.03707 -0.234698
-1.33675 -0.645635 -0.0267288
-0.899046 1.70406 1.05431
-0.699659 -1.08496 -1.21493
-2.20965 0.440191 0.310732
-1.78784 -0.485627 -0.151532
-1.68023 0.352534 0.580238
0.736506 0.0123912 -0.973562
1.06579 -0.132326 2.243
0.0420973 0.342675 -1.34131
0.165205 0.342792 -0.916013
0.0538383 0.392988 -2.25665
1.26021 1.51977 0.979219
-0.465485 -0.269477 0.416923
0.177021 0.720498 0.131684
-2.02358 -0.246089 -0.840792
0.761657 0.415324 -0.588317
1.33862 1.56161 -0.394445
1.11355 -1.96965 -0.429755
0.103076 -1.71143 1.01161
0.184506 -0.878347 -0.84177
-0.876409 0.707911 -0.546802
0.334785 0.336322 -0.102344
-0.130863 1.11891 0.318296
0.0916291 -1.31981 1.34803
-0.547073 0.101828 -0.809613
1.48384 -1.57377 -1.58157
0.0915641 -1.10182 -1.65769
0.763832 1.18153 1.28482
-0.130945 0.590145 -1.23158
0.359269 -0.563637 1.33222
-0.456643 0.448978 -1.05803
0.764523 -1.2452 0.235602
-0.99591 -0.0647982 -1.72454
1.33024 -2.10159 1.33241
-0.112366 -0.0514115 1.22327
0.114318 -0.46791 2.26881
1.46322 -1.50688 -0.174453
0.482053 0.909508 0.215728
-1.76674 -0.168407 0.40248
-0.610943 -0.379915 -0.23569
-0.742805 -0.390716 -1.83252
1.46153 -1.56412 0.662278
0.745277 -1.50319 -2.12454
-1.06117 0.611759 -0.427322
0.65597 2.7106 1.74228
0.943057 -0.606719 2.05563
0.965645 -2.12937 -0.639445
-1.36021 0.378262 -1.67231
1.0211 -1.58183 1.70901
0.365818 -0.772427 -0.465279
0.462197 0.634112 1.09258
-1.53558 -1.10177 -0.933078
-1.0254 0.100201 0.498469
1.04211 -1.57163 -0.92803
-0.323081 0.328787 1.47244
0.484779 0.183029 1.5841
1.76523 -0.264711 0.916047
2.17805 0.230248 0.960922
-0.311928 1.52692 -0.517344
1.62969 1.21633 -0.908796
0.666531 -0.224674 0.115454
-1.64128 1.7479 -1.52674
-0.459965 1.45723 0.418856
-1.78256 -2.57694 0.658259
0.700937 0.017857 -0.487221
-0.82805 1.05819 -1.15269
-0.0627829 1.85825 -0.417799
0.386431 0.159022 1.39564
0.863686 -0.86588 1.57139
-0.615129 -0.263562 -0.452649
-0.740153 1.5321 -0.27181
0.126237 -1.77228 -1.7171
-0.652798 -0.35184 -0.0463441
-0.759533 -0.141114 0.722799
0.839412 -1.93694 2.20791
-1.12187 0.993364 -1.96874
0.202744 1.50803 0.306958
1.31091 -0.975694 2.18128
-0.385501 -0.706035 -0.241284
2.17042 -0.321474 -0.329138
-1.12964 1.07399 -0.359549
0.6832 0.7397 -0.286449
-0.328124 -0.744387 0.354594
1.26339 -0.272811 -0.312276
-0.768761 0.416457 0.365181
0.541845 0.742878 1.95819
0.769547 2.01973 -1.58314
1.20061 -0.288624 -1.63752
-0.400793 -0.996912 -1.86635
0.441811 -1.55986 1.60023
-0.813963 -0.0273855 0.926648
-0.161925 -0.993012 0.923717
0.591706 -0.90438 -0.628725
-2.13327 -0.589518 -0.196862
0.101763 0.40839 0.294156
0.182952 0.510564 0.518413
-1.01408 1.45544 -1.84471
-0.525905 -0.879835 0.329492
-0.198069 1.95712 0.290317
-0.729872 0.215988 1.27348
-0.33107 2.15931 -0.431725
-0.472729 1.20925 -0.161815
-0.29215 -1.33902 -1.00061
2.07921 1.7571 0.278834
-0.152782 -0.847185 -1.00582
-1.99991 0.0746816 -0.317393
0.810921 0.520706 0.231624
1.25855 -0.457687 -1.13234
-0.457547 1.20384 -0.986642
1.7637 -0.282113 0.133191
0.386349 -1.61649 -0.395331
1.64353 -0.19931 -0.434544
-0.363115 0.112205 0.950066
-2.05781 -0.980678 -1.23588
0.957881 -0.700133 -0.937386
0.715784 -0.700598 -0.0812203
-0.982134 -0.748656 0.237741
0.852509 0.408794 -0.535636
-1.39583 0.00157385 -0.732694
-0.770665 0.0131704 -0.0473596
1.32868 -1.03802 0.921463
0.247261 -0.242669 0.832338
-1.62914 -0.395513 -1.41744
0.579894 0.736745 -0.183925
-1.15994 0.364807 -0.401028
1.56653 1.46698 -0.513939
0.218963 -0.648374 -1.382
-2.43406 -1.13048 -0.796151
-0.429783 1.28182 -1.34023
0.773689 -1.773 1.18925
-0.0734558 1.54385 0.612882
0.748167 0.470427 1.9763
1.04884 0.382981 -1.57813
0.614496 -0.802937 0.231945
-2.39788 1.53947 0.50617
0.274732 0.472926 -1.57112
0.0186637 0.73075 0.708246
-0.479045 0.331731 1.18254
1.71609 -1.20808 0.223923
1.56259 -0.171262 0.0876109
-1.79409 -0.688809 1.07182
-0.747445 -0.29788 -0.64169
2.01545 0.692502 1.07263
-1.97428 -1.29253 -0.455154
1.19964 0.337295 -0.127534
0.64293 -0.90492 2.42083
0.684251 0.917505 0.55652
-0.535461 -0.789775 -0.772441
0.0457312 2.29129 -0.920706
-1.84558 -0.812799 1.32092
-0.761195 1.73874 0.336145
-0.31956 1.96611 -0.646634
-0.0575179 -1.36545 -0.959932
0.0874597 -0.262625 1.37372
0.621331 -0.0401135 -0.20425
0.562893 1.33228 -0.447918
-0.369774 -0.432007 -0.504775
1.5591 -1.1166 0.917533
-0.717337 0.0490147 -0.588643
0.961801 -0.224205 -2.74477
1.32529 -0.370296 0.198504
-2.70222 -0.479468 -0.96364
0.464871 0.867436 0.715893
-0.102159 -1.52593 -0.620874
-2.89776 -0.630149 0.738267
-0.497645 1.27122 0.851417
-0.250135 1.20179 0.148512
1.65341 -0.00578858 0.112243
-0.172071 0.118263 0.543737
0.366434 0.677588 -0.122439
0.309581 1.92865 -1.51246
0.141148 2.13894 -0.534336
2.28089 1.44301 -1.68539
2.25468 0.472529 0.841357
1.04384 0.698 0.653834
-2.05349 -0.630322 -0.358843
0.483415 -0.90028 2.48298
-0.4668 -0.399132 -0.953798
-0.376425 1.82755 0.573423
0.337505 -1.09748 0.179375
0.417325 -0.151629 0.270902
2.09082 0.0263715 1.76339
-1.05814 -0.232774 0.812296
2.22536 -0.506314 -0.116425
1.49607 1.14976 -0.157353
0.013604 -0.68364 -0.823482
0.208389 0.30042 -0.148537
-0.692335 1.43887 0.513797
-1.83418 -1.26013 -0.513725
0.466069 -0.541461 -0.0252659
0.0187629 -0.231476 -0.848424
0.756636 -0.447678 -0.875703
1.48567 0.0512642 0.742197
0.223024 -1.72262 -1.91837
-0.0118312 0.812738 -0.201187
3.41052 -0.20224 -0.312383
0.186797 0.285975 -0.191254
-0.450792 1.57941 1.85349
-2.40726 -0.475028 0.679328
0.973615 -0.431635 -0.0815147
2.05793 -0.374331 -0.976403
1.14903 -0.901002 0.694711
-1.65458 -0.847795 -0.471723
-0.0770522 -0.212793 0.945976
-1.50259 -1.94167 -0.468831
1.13345 -1.04213 -0.123926
-0.750387 -1.81091 0.0351761
-2.2032 -2.24821 0.420002
-0.303382 0.345817 0.193073
-0.872285 1.50169 -0.350986
-0.416934 -0.180869 -0.452096
-1.45644 -1.33972 0.968302
0.424513 -0.304339 -0.631464
-0.0815391 0.76818 1.15001
-2.1272 -0.518789 2.0484
1.84421 0.405583 -0.00766553
0.365768 0.585843 -0.64324
0.663388 -0.0702635 0.963521
1.36432 -0.612981 1.10341
0.141634 0.47051 1.41174
-0.922164 0.0885273 0.391707
0.856582 -0.355165 -0.860415
0.934197 -0.38665 1.21038
-0.149386 -0.949276 0.0338372
-1.46908 1.7489 1.42696
-0.944042 -0.137923 0.997457
0.910137 1.28411 -0.424985
0.820569 -0.143336 -0.446134
-1.68768 0.036107 0.186504
0.0692656 1.23578 0.195661
0.650005 -0.48608 0.454705
1.00169 -1.08838 1.03521
0.649603 0.242218 1.03697
-0.670093 0.930884 0.96574
0.876958 -0.432329 1.94969
-0.597876 0.594013 -0.4507
-1.92954 1.38014 1.35217
1.07381 1.66611 0.633277
0.664687 -2.20218 -0.684197
0.489935 -0.0542659 -0.65094
-0.266142 1.45872 -0.262045
-0.164578 2.68772 1.26492
0.0371021 -0.262814 0.340001
1.10355 -0.00325149 -2.41249
0.479215 2.57968 0.141027
-1.51693 1.71731 -0.51049
-1.31539 -1.11477 -0.873882
1.70724 0.525539 -0.42465
0.0377996 0.726203 -0.610479
0.00187677 0.201798 -0.885627
-3.30239 -1.15725 0.187631
0.669363 -0.00518739 0.94483
-1.06622 -0.45858 0.271917
-1.70169 0.414739 -0.775189
-0.0813037 0.0107606 1.4817
1.04439 0.636181 0.53366
0.380201 1.20303 -0.0580656
-1.39156 0.235958 -1.11987
1.47032 0.173051 1.69765
-0.983646 -0.764933 -0.259652
-1.07857 1.30783 -0.858762
0.6045 -0.91541 -0.146177
-0.26876 -0.323734 0.454168
0.535349 -0.489677 0.794237
0.312356 1.5855 0.840478
-0.65007 0.208215 1.72797
0.329044 0.0762481 0.140634
1.39562 1.61224 0.504526
0.587513 0.282318 0.398037
0.267438 -0.67666 -0.501944
1.14893 -0.496525 -1.45232
-0.557318 -0.341929 -1.00083
0.643214 0.292595 1.00247
0.468165 0.340927 -1.27258
-0.539156 0.824857 -1.70813
0.135737 0.603399 0.850018
-0.435656 -1.21507 0.353294
1.77843 0.301216 0.012871
-0.981006 0.796996 0.450582
-0.0569076 1.46123 -1.3949
0.677551 0.214419 -0.584565
-0.142189 0.430203 1.22388
1.22612 -0.851767 1.82168
0.422525 -0.615449 -0.981723
1.49662 0.880003 0.116521
-1.05748 0.112799 -0.79982
-0.0455405 1.85181 0.0248341
-1.16341 0.68977 -1.37496
-0.897497 2.08371 -0.198807
-0.581952 0.916229 2.13835
0.0144287 1.14839 0.874718
0.909585 1.16193 -1.23224
-0.866265 1.6728 -1.72464
-2.00632 -1.15913 -0.425022
0.377911 -1.66336 -0.804057
-0.0654496 -1.33054 0.575301
0.472673 0.255877 -0.334859
0.163398 0.998005 -0.533723
-0.840044 -1.62697 -0.149651
-1.01808 -0.752688 -0.763435
1.53568 -1.36638 -0.217668
1.5402 -0.127367 0.24051
-1.42395 -1.59406 -0.122021
0.606546 -0.711246 2.3646
-1.00162 0.443554 0.43916
-0.404258 -0.66589 0.490386
0.353689 0.762983 0.276534
0.732413 0.0920017 -0.873284
-1.09483 -0.383991 -0.798996
-0.242026 -0.989219 -0.203214
-0.427489 -1.23904 1.08733
1.33856 -1.14683 0.392425
1.25297 0.42171 0.424804
-0.042884 -0.6236 -0.314904
0.287208 0.294877 -0.440232
-0.240128 -1.36057 -0.137887
0.272415 1.16618 0.593619
0.342241 -0.179304 1.13257
-0.125199 0.614858 -0.155106
-0.164038 0.684848 -0.492172
1.00602 1.18172 0.913626
-0.41852 -0.474343 1.33888
0.652196 0.770592 -0.422398
-1.54515 -0.316027 -1.51894
-0.523757 0.732376 0.0140732
0.184752 -0.887923 -0.72655
0.478968 0.546624 -1.36582
2.19805 -1.05801 1.10429
-0.154323 -0.35768 -0.92839
0.0964005 1.4184 0.466673
-0.549279 0.898077 -2.07921
0.490663 0.348483 1.23838
0.233171 1.02674 -0.234217
-0.46209 -0.363062 -0.772043
0.482062 0.909636 -1.70465
-0.253829 0.0919455 -0.242167
-1.82036 0.296835 0.246836
1.02347 -0.144143 1.64967
0.463395 -0.253148 -0.879063
-0.499378 1.15177 -0.680802
0.405744 -1.70756 0.27277
-0.202681 0.586742 3.22365
-0.891164 -0.166042 -1.5556
0.368835 -0.396844 1.3739
-0.223651 0.0807245 -1.60592
-0.29891 -0.84828 -0.849193
-0.293565 -0.442218 0.688428
0.509365 -2.71035 -1.86639
0.979806 -1.02385 -0.771748
-0.661707 -1.25909 -1.00577
-0.301852 0.509114 0.778613
-0.200066 -1.09351 -0.47892
0.470318 -0.472376 0.851167
-0.23978 1.26774 1.51017
0.358118 -0.807216 -1.15319
0.332859 -0.287675 0.150488
-1.15893 -2.39573 -0.265
0.413734 -1.53925 0.29438
-0.0386649 -0.9592 0.631297
-0.297059 -1.92131 0.967596
-0.032314 0.994545 0.274034
0.470469 -0.051483 -0.722136
0.67118 0.568415 0.871375
2.31314 -0.531775 -0.115458
0.133992 0.953895 1.0564
-0.637597 -1.32995 -1.10793
-0.711895 -1.03505 -0.317162
-0.154665 -2.24306 1.18647
0.872741 -1.30565 -0.525837
-0.493859 0.395528 1.20538
0.0313067 0.86795 -0.521689
-1.18448 -0.0492569 1.25098
-0.652378 -0.991726 -0.0498771
-1.9821 -1.58108 -0.43031
-2.16386 -0.109451 0.912211
-1.55115 -0.479097 1.3683
-0.386743 0.284766 0.920795
0.359814 1.55745 1.4571
1.10078 1.85401 -0.96685
1.73554 0.475199 -0.334378
1.49503 -0.0173243 -0.044982
-1.5111 -1.372 -0.466274
0.855877 -2.32859 1.7909
-0.113009 -1.07095 -1.44938
-1.09462 -2.08072 -1.17012
0.201948 1.16866 0.315463
0.616465 -1.3136 -1.40866
-0.43662 -1.03747 -0.685244
-0.645237 0.366349 -0.548615
-0.582853 -1.81618 1.25698
0.266359 0.727944 1.63214
-0.878154 -0.0224385 -0.45659
-0.709891 -0.166924 0.310841
-0.361659 -0.246533 -0.145319
1.98332 -0.914783 -0.127571
1.01039 -2.02436 0.112429
0.93436 -0.0186017 0.987519
-0.783001 -0.281572 -0.22607
-0.325286 -1.58134 0.977453
0.415705 -0.0254008 0.359222
1.75226 0.965729 -0.567934
-0.0858814 0.356196 0.805092
0.236756 -0.988307 -2.68366
0.28457 -0.877946 -0.504102
0.217749 -0.285666 3.15368
0.538641 1.92037 -0.649642
0.327732 -1.74604 -0.750101
0.93015 0.47826 -0.594936
0.872226 0.155324 0.95947
1.28318 -1.19839 -0.635975
0.847877 -1.90053 -1.62355
0.946303 0.923376 1.74108
0.648589 -1.30222 1.19597
0.45937 -0.751592 0.152255
0.893166 0.990931 -1.60785
-0.648625 -0.959253 -1.24553
-0.353625 1.499 0.652966
0.243834 0.67413 0.16725
1.15326 0.347581 -1.05722
-1.32048 -0.794591 -1.11654
0.226314 0.602033 2.08249
-0.229951 0.653109 -0.282924
-0.922603 -1.56976 -3.29025
-0.636441 1.46404 0.525393
1.50832 -0.879223 -0.380675
-0.398299 -0.464517 1.36325
-0.201714 -0.954198 -1.74866
0.116659 0.414906 0.246115
-1.28136 1.14503 -0.6074
-0.881253 0.723104 0.804654
-0.183635 1.21624 0.0695395
-0.972818 0.505693 1.1986
0.375027 2.45903 -0.832711
-0.0266315 -0.127089 1.53268
1.62507 0.599042 1.48669
0.887271 -0.917112 0.412916
-1.4468 -0.758722 -0.599003
-0.370001 1.15256 0.397534
-1.88479 0.376716 0.500094
-0.714481 -0.478087 -1.20869
-0.423723 -0.847046 -0.765585
-0.782909 -0.117006 1.91905
-0.639044 0.92451 -0.596355
0.406679 -0.230814 0.410189
1.45037 -1.16997 3.17214
-0.889621 -0.772148 0.282199
0.176403 0.916707 -0.628545
-0.332799 -0.319983 0.620547
-1.79373 0.686491 -0.219251
-2.36033 1.26501 -0.324409
0.786553 -1.74849 0.349575
2.43832 -1.10287 0.24684
-0.619857 0.180037 -0.189523
0.197292 1.18881 0.019309
-0.229321 -1.31118 0.26798
0.227117 1.02513 0.406264
0.653994 -1.38123 -0.500542
1.87573 0.892546 2.36881
2.09411 -0.00700982 0.763687
1.06449 0.668638 -1.79013
0.774421 -1.96013 -0.398037
-0.769251 -1.11934 0.0201361
-0.598131 -0.389594 -0.778006
-0.212866 -0.405936 -0.794867
1.31906 -0.250988 1.06015
0.106145 -1.79448 -0.693394
0.863399 0.409965 -1.62457
-0.729878 -0.730136 -0.77857
0.363 0.466801 -2.04444
-1.01721 1.71751 -0.352549
-0.599889 -0.623774 -0.772974
-2.01787 -0.00839164 0.437116
0.736672 -0.412646 0.475903
-2.06783 -0.241786 2.13208
-0.183907 -0.557389 -0.180431
-0.570762 -2.25663 0.736714
1.5964 -0.910833 0.14102
-0.434269 0.138951 -0.531206
0.49513 -0.446434 1.65205
-0.11313 0.912559 -1.82794
0.112089 -0.687517 -0.557976
1.06292 -0.323748 -0.42599
0.801803 0.855125 0.99107
-2.49116 -0.385452 -0.203944
0.465426 -1.66897 -1.07808
-1.74902 -2.09409 0.949795
1.35766 0.919601 -1.21982
0.485219 0.71105 -0.060277
0.584744 -0.317163 -1.33378
-0.921498 -0.489385 -0.584863
-1.69575 0.897854 1.16521
1.67792 -1.09345 -0.723254
0.18412 -2.33442 -0.199963
0.124473 -0.336636 -0.974364
0.258473 0.205719 -0.236896
-0.0580088 -0.324011 0.00828389
-2.09834 2.06488 0.795279
0.101314 0.0790937 -0.490315
0.850138 0.220654 -0.635098
-0.694956 -0.571664 -0.306699
0.107945 1.85261 -1.18134
0.255646 -0.47683 0.838225
-0.1379 -0.346459 -0.854489
-0.166965 0.498854 -0.543136
-0.742478 -0.0153986 -0.779327
1.55741 -0.928117 0.383825
0.10677 -0.200931 0.0646544
0.463916 1.65332 1.03402
-0.889474 -0.0910398 -1.56719
-0.970993 -0.241646 -0.0945407
-0.108755 1.06243 -0.561038
0.304052 -0.883892 -1.04988
0.00904332 0.774913 -2.39218
0.863534 1.10001 1.77819
0.708261 1.06265 0.56226
0.325858 -0.465564 -0.137174
0.736517 0.382883 -0.327149
1.37999 -0.137 -0.744917
-0.618605 -0.962198 -1.28389
0.651288 1.01696 1.29724
0.514994 0.72867 -0.259365
-0.565573 1.01971 0.172039
-1.93043 -0.102648 0.559293
-0.471485 0.208654 0.06323
-0.616938 0.491638 -0.0661215
0.246246 0.119249 -0.963576
-1.23294 -1.0504 -1.07814
-0.0676881 1.04673 2.53538
0.430254 1.56017 1.98464
-1.61303 -1.8025 -1.5217
0.275951 1.0536 0.0228876
-0.387326 -1.2143 1.27393
-0.391908 -0.124766 0.101591
-0.506457 1.13069 0.677359
-0.737723 -0.467858 -0.366494
0.131985 -0.944104 -0.964737
-0.320244 0.0783996 1.90124
0.533433 0.832598 0.14177
0.305656 -0.851681 1.70341
1.14423 -0.573836 0.377553
0.218238 -1.00707 0.721894
1.57129 -1.31775 0.271301
1.46822 -1.36186 0.00710348
0.612561 0.62633 -1.48125
-0.0745517 1.53802 0.990193
-1.67667 1.14909 -0.169344
-1.27271 0.110481 -1.19912
1.54146 0.598774 1.0918
-0.208617 -0.558839 -0.753506
0.102637 0.352794 2.55959
0.391547 -0.761264 -0.191359
0.696445 0.91342 0.300171
-0.11695 0.30973 -0.881597
0.144644 -0.566955 -1.26205
-0.689015 0.266825 -0.148108
-0.710858 0.254475 0.137749
2.00163 -0.418616 -0.428778
0.908874 -3.01676 1.47962
0.28724 -0.696128 0.512618
0.290309 -0.647874 -1.56683
-0.316278 1.17905 0.141767
1.50951 1.02536 -0.188581
0.0415245 1.1735 0.777635
-1.0334 -0.414998 -0.487545
0.610103 0.324061 1.74683
-0.449716 0.400203 0.0979801
0.613102 -0.375206 0.968796
0.562817 1.45509 0.752734
-1.09286 -0.351417 -0.398865
0.145174 0.526057 -0.19992
-0.661998 0.249091 -0.268387
-0.00505379 0.380051 -0.495069
0.221483 1.47077 1.18406
0.818894 -1.32601 2.48802
1.13062 -0.594491 -0.317015
-0.325694 -1.25177 0.644119
1.1247 1.29617 0.177508
0.731742 -0.164648 1.28019
-0.820244 -1.51099 0.242492
0.284128 -1.73964 -0.244747
0.0166744 0.48583 -0.0598334
0.601317 0.45863 0.167966
-0.806934 -0.240676 0.982098
-1.55851 -0.239991 1.35602
-0.296987 2.12353 0.329775
0.296207 -0.164243 1.26571
-0.796687 0.600914 -1.15669
0.18898 -0.70792 -1.79205
-0.116433 0.457448 2.33473
-1.20118 0.541817 1.12994
-0.333874 0.820249 1.38004
-0.808029 -0.222578 -0.138757
-0.769288 1.14795 -1.69652
0.0888319 0.731605 0.062526
-1.38979 -1.46149 -2.62979
0.0080912 -0.387103 0.774067
2.03444 -0.088955 -0.362173
-0.093955 0.11191 0.326713
-0.578381 0.245471 0.0796012
-0.530967 -0.442499 -0.685898
0.901101 -0.243369 1.47982
0.401385 1.16339 0.91832
1.39462 -0.958624 -1.51813
1.06076 0.995933 0.754985
-0.832347 1.31278 -0.149268
-1.52465 -0.36406 0.959434
0.375031 -0.949437 0.253861
-0.198556 -1.19228 1.21995
0.253012 0.633408 -0.752432
0.351099 0.408316 -1.05902
-0.77065 -0.750899 -0.305802
0.447791 1.0129 -2.64238
-2.18614 -0.65122 -0.0653884
1.18544 1.55998 -0.31564
2.17401 -0.165939 0.460305
1.36181 1.54064 1.96612
0.829255 -0.975652 1.95483
0.430592 0.983618 1.04356
-0.542627 0.875428 0.139123
0.244231 1.4891 0.738728
-0.551682 -0.292608 0.27153
0.335704 0.385483 0.181949
0.0508559 0.866809 -1.86869
-0.404243 1.46408 -0.929613
1.75141 -0.793772 1.51313
1.35134 -1.15232 -0.223181
0.0671947 -0.46408 0.99159
0.214246 -2.0747 0.49899
2.83936 -0.896862 -0.600263
0.746036 -0.585962 0.389064
0.566435 0.278168 -1.51511
0.497282 1.07361 0.717541
1.1966 0.0540695 0.855915
-0.589985 -0.711428 0.780145
0.408751 -2.20552 0.284975
1.19256 0.617963 0.408564
1.33148 -0.511169 -0.688634
-0.485115 1.2064 0.194969
0.303137 0.0416766 -1.74065
1.2611 1.74918 1.64567
0.939393 1.39209 -0.874814
-1.94967 -1.34535 1.23901
-0.698692 -0.552822 0.338503
-0.346076 -0.815108 -0.395017
-0.662588 0.840198 -0.140758
0.0466456 -1.66366 0.993713
0.237681 -0.453307 -0.181765
-1.33282 -0.879083 -0.0700257
0.330975 -0.345951 -0.462433
0.650532 -1.87325 -0.475448
-1.93441 -0.0017136 0.848495
-0.594524 0.903725 -0.83616
-0.101215 -0.64832 1.38545
1.08037 -0.798746 0.141665
2.71591 -1.20866 -0.913283
-0.361096 0.461498 0.215033
-0.679636 0.395854 -3.12611
-0.210992 1.08866 0.716986
0.641486 1.47014 -0.817594
0.819858 -0.450823 0.620937
-0.00140124 -0.0227706 -1.56457
1.8217 -1.12552 -0.0837434
0.760937 0.493275 -1.78945
-0.557135 -0.681007 1.09172
0.473941 -0.135457 -1.20875
-0.349194 -0.960606 0.684354
0.730229 -1.08173 0.418001
-0.707122 1.10938 0.775478
1.98089 0.230706 1.27874
-0.836168 -0.136169 -0.87404
1.16282 1.77588 0.455547
0.0306843 -1.70838 0.996155
0.04767 0.618799 0.214924
-0.0395424 0.752443 0.582829
-1.82573 -1.45676 -0.863664
-0.307551 -2.33079 -1.16553
-0.611815 0.730467 1.91159
-1.32353 -0.617197 -1.6501
-0.939405 0.379085 -0.423681
0.114815 0.784651 0.902425
1.36922 -2.51388 -0.839691
0.915413 2.0392 0.164708
0.0341674 0.720854 0.0280372
-0.453989 -0.691001 -1.50796
-0.388194 -0.775369 -0.0403463
2.27801 -0.67622 1.41698
0.220836 0.0752006 0.87468
-1.0469 -0.0140323 -0.631419
0.159808 0.876853 -0.705371
-0.215421 -0.351411 0.0639894
-0.18668 -0.270986 1.56412
2.14485 -1.27897 0.396469
-1.36099 -0.551572 -1.05501
-0.840004 1.53926 0.0820466
-0.238178 0.0634359 1.51762
0.334379 0.52346 1.10556
0.459059 -0.123524 -0.350123
-1.95314 1.158 -2.05412
-0.018731 -0.629533 0.798048
0.456308 -0.397878 0.369895
0.40571 0.19993 1.39436
0.373312 0.932313 -0.335572
-0.477378 0.246111 0.353663
-0.370239 -1.08499 -0.452774
-2.78813 0.0865204 -0.291137
0.938276 -1.2278 0.721208
-0.256325 -1.40357 -0.523422
1.80815 0.275195 0.244325
1.48041 0.0621419 1.0024
0.35371 0.0628264 -1.01144
1.72638 -0.510296 -0.713833
-1.09886 0.0817564 0.245802
0.177435 -0.0401031 -3.0913
0.194312 -0.481915 0.167628
-1.73264 0.689246 -2.62045
0.31395 -2.0542 -0.89939
-0.515055 -0.276098 0.546595
0.642874 -0.221683 0.793472
0.899279 -0.312998 1.86176
-0.300421 -0.000660211 0.29835
0.263297 1.55513 0.175581
1.96861 0.704687 0.02309
-0.0590334 -2.65479 -1.17112
-2.43956 1.67263 1.55623
0.796922 0.857214 1.04689
-0.597582 -1.09875 -0.762745
-0.914237 0.205175 1.53842
0.610293 -0.828342 0.740226
-1.06487 -0.626386 -0.948828
-0.499152 -0.722188 1.60957
-0.70211 -0.271591 1.50633
0.357962 -1.81126 0.314561
-0.963388 -0.357454 -0.809289
1.48324 0.910749 -0.315208
2.07104 -1.10446 -0.261182
-0.31668 -0.722324 0.373825
-0.333127 -1.01961 0.257787
-0.776553 -0.845484 0.494589
0.50278 -1.0384 1.08601
0.680279 0.206596 0.400625
-0.358301 2.92312 -0.995246
-1.57973 -0.0759468 1.2485
-0.656617 -0.0298978 -0.662895
0.0404938 -0.429774 -0.46367
-0.294513 -2.88925 -0.0175244
0.147215 1.10295 1.05324
-1.8068 -0.0560874 0.664438
1.06162 -0.447274 -1.25329
0.527299 -0.71545 -0.430411
0.329627 -1.13485 -0.480885
1.41632 0.222788 0.762849
-0.00338654 0.342629 0.0855955
0.450818 1.11955 -1.8843
-0.642778 0.942312 0.961767
1.03028 0.475682 0.378243
-1.01071 0.852051 -0.0363424
0.372857 -0.247345 1.16186
0.54236 -1.5973 0.53658
1.74901 -1.53724 -0.144313
-0.830923 0.689804 0.774368
0.67921 -0.015144 -1.40973
0.9629 0.457863 -2.19983
-0.342756 -0.484265 0.417445
-0.292201 0.477659 -0.55947
1.64806 1.23551 1.10126
0.866959 -1.95434 -0.860545
1.19702 -0.160041 -0.478396
-0.587772 -0.238306 0.413841
-0.445149 0.453147 -0.884014
1.17339 -0.0874537 -0.553236
0.797435 -2.07732 -1.48734
0.727655 0.75432 -0.3779
2.73551 0.951156 -0.324011
-1.56146 -0.0751341 0.536304
1.03345 1.12158 -0.200978
0.160282 -0.231092 0.426315
0.936554 -0.607228 -1.36499
-0.146652 0.556408 0.0106677
-0.652093 -0.882503 -0.575211
0.675232 0.673465 0.660701
0.40101 0.781893 0.309795
0.453106 -1.37157 -2.31777
0.774751 1.10065 0.421888
-0.138674 -0.836612 1.4651
1.14762 0.553695 -0.640298
-0.0151717 -0.873189 1.11511
-0.411668 -0.661763 -0.445111
0.584648 -0.11479 -0.659252
1.81303 -0.934486 -0.562709
1.51131 -0.191989 1.07132
-0.440357 -0.439233 -1.52213
-0.752653 0.796306 -2.1368
0.529574 0.237741 1.49357
0.336874 0.217725 0.43435
-0.133999 -1.32264 0.571087
0.26532 0.0459348 -0.574685
-0.00721345 -0.600613 -0.334781
-1.13803 0.103662 -0.697176
-0.882777 -1.65838 0.874652
-1.47969 -0.52483 0.533547
0.0173635 1.01119 2.10414
-0.790524 1.13359 -1.95703
0.719932 1.627 -0.0600138
1.96012 -0.182983 -1.25223
1.28557 1.48885 -1.56909
1.02791 -2.30239 0.294824
-1.74923 0.143163 -0.955631
1.18252 0.882628 1.62199
-0.637576 0.159888 0.256979
0.454026 0.470043 -0.447707
0.575713 -1.45985 -0.042281
0.098747 0.053946 0.259717
0.679468 1.16782 1.11666
2.69129 0.574305 0.642252
0.477434 0.298322 0.524703
-1.66766 -0.99178 -0.818561
0.316428 1.07298 -0.103551
-0.795761 1.68117 -0.914452
-0.687705 -0.722934 0.0150031
-0.509465 0.475489 0.125835
-0.0240729 0.345551 1.5819
0.20196 -0.637547 1.30669
-1.06344 -0.700753 1.58535
-0.700141 0.308649 -0.579322
1.03319 1.15396 0.000513904
0.554854 0.578072 -0.143427
-1.19231 -1.31034 -1.97173
1.41789 2.65565 0.477771
0.318486 0.964355 0.0980566
1.34192 1.12795 0.259293
2.32121 -0.572076 -2.15812
0.365445 0.495316 -0.224959
-0.879951 -2.34815 1.87437
0.807383 1.1932 2.06033
-0.129281 1.81877 0.0275424
-0.198966 -0.336523 -0.676873
1.96064 0.592422 -0.487249
0.366745 0.542065 -0.362094
1.00817 1.19182 -0.0494982
0.144994 0.541132 -0.172716
0.968059 0.730627 -0.978332
-0.520452 0.991409 0.665236
1.38129 0.403812 -0.103259
-1.09817 0.114848 1.05267
-0.215013 -1.17453 -0.105572
-0.995497 -0.66945 -1.41321
0.836977 -1.24853 -0.0616594
1.93243 0.345266 -0.326548
1.80982 -1.48666 -0.212624
-0.0418756 -1.42194 0.212922
-1.42901 1.96256 0.0362512
1.22913 0.894905 0.375432
-0.691403 -1.41615 -1.7129
-0.191117 0.767206 2.46476
0.0970707 -1.271 0.256286
-0.454016 0.0852839 0.293903
0.889951 -1.48458 0.262405
-0.415251 1.06281 -1.20627
0.715424 -0.709445 -0.827612
-0.11909 0.549933 0.0423979
0.647102 -1.78911 0.762484
-2.29995 0.444642 0.906584
-0.415304 -0.790699 0.492733
-0.106447 -0.475666 -0.501507
0.0337773 0.0649678 -0.495832
0.309771 0.709919 0.622669
2.14406 0.705456 -1.08651
0.00628226 -1.3933 0.249556
-0.837332 1.57763 -0.804447
0.0972749 -0.146831 -1.84991
0.923082 0.74283 0.678531
0.852884 0.719982 0.147143
0.444771 0.721125 -1.40587
-0.295465 -0.947712 0.371433
-0.696027 -0.455606 -0.754583
-0.234021 -1.05108 0.14987
0.871792 -0.189432 0.0553848
0.32616 0.779296 1.86951
0.784305 0.804363 0.141237
-0.861502 1.55565 0.34369
-0.15841 -0.673058 -0.143251
-0.450004 0.502663 -0.154013
-0.591684 1.2662 0.983612
-1.15034 0.221135 0.963341
0.194569 -1.28163 1.42021
-1.68316 -0.389494 -0.446319
-1.78443 -0.234345 -0.544282
-1.85807 -1.24403 0.157736
-1.22478 -0.681399 -0.539465
0.814332 0.0286296 0.395782
0.806963 -0.162751 0.365986
0.26939 2.12741 -1.64448
0.190143 0.71221 0.0606137
-1.80441 0.85593 1.13342
-1.51221 -0.197686 -1.60834
-0.140837 -0.168643 -0.198908
0.865002 -0.407879 -1.10538
6.06719e-05 1.13489 2.2333
0.444202 -0.846053 -1.92747
1.11112 -0.319038 0.47141
-0.534142 0.426318 -0.346851
0.392502 2.23763 0.303579
-0.889416 -0.396911 1.17105
-0.0689543 -1.22038 0.576768
-0.653527 1.51608 -0.296752
0.153935 -0.419335 -0.420326
-1.29518 -1.68647 0.978317
-1.1256 -1.27926 1.4062
0.961502 0.141902 -1.58282
0.971562 3.31887 0.13625
-0.907749 -0.73656 -0.384746
1.91487 0.344305 -1.03236
0.0421656 1.53933 -0.897659
2.27647 0.0910502 1.67765
-1.28583 -0.0927865 -0.111992
-1.68906 -0.96953 -0.81562
-0.164802 -0.236593 -2.153
-1.18013 0.020596 0.356945
0.72398 -0.428323 -1.83052
0.709059 0.370444 -0.608594
0.303943 0.401222 0.564472
1.30584 -0.821242 0.619651
-1.96087 0.113656 -0.583648
1.50341 -0.85183 1.77217
-1.26535 -0.491294 -0.984973
1.06732 -0.140557 0.12495
-0.839077 0.835205 -0.868729
0.077412 -0.147248 0.125709
-1.42925 -0.289192 -0.925819
-2.07644 -1.1302 1.50809
0.719298 1.58991 -2.10197
-1.04796 0.307991 -0.413075
-1.1393 -0.561289 -0.868955
0.435488 0.443819 -0.756938
0.873755 -0.993027 -0.849962
-0.0351237 -0.433285 -1.17014
0.600789 1.13251 2.01975
0.199417 0.287969 -0.369859
-1.44087 0.59025 -0.224263
-1.16514 -0.840681 1.72501
0.733314 -1.12556 -0.120884
-0.176836 0.481221 -0.890665
0.579177 -0.971656 -0.6962
-1.9327 -2.04778 1.38163
-1.28599 -1.26486 -0.471482
-1.14379 -1.15988 -0.671158
1.87437 0.0695897 0.124898
-0.60172 0.925606 0.798091
-0.267048 0.446446 1.46556
-1.28102 0.558146 1.3457
1.00715 2.02051 0.210427
0.108325 0.142715 -1.38722
0.224306 2.33332 -0.847385
-0.536475 -1.11682 0.342112
-0.0439432 0.664961 0.0791531
-1.59666 0.572526 0.0416967
0.334377 0.197908 -1.57748
1.62171 0.378647 0.225422
1.06656 -1.37539 -0.628109
0.224151 1.06086 -0.570717
0.15353 -0.195835 0.249258
1.11464 -0.786718 -0.0748323
-0.411567 0.0355889 -0.0824817
1.3832 2.17774 0.129244
-0.77101 -1.21094 -1.22196
0.0772634 -0.95954 0.0852642
0.419721 -1.28484 -1.21246
0.59643 -1.23742 1.05418
-0.302108 1.33773 0.0522643
1.07428 0.0325782 -1.09715
-1.43632 -0.351052 1.24071
0.347524 -0.0450973 -0.646976
0.182733 0.477694 0.168614
0.621598 -0.320121 -1.46637
-1.23803 -1.88026 0.32245
-1.23177 0.477242 -0.0952485
-1.54833 -1.10568 -0.182873
-1.19427 1.3057 0.0105921
-0.288485 0.288668 -1.01762
1.26202 1.1495 0.439573
-0.339962 -0.376645 -0.00830722
0.473275 1.49117 0.529635
-0.0221885 0.23834 0.151459
-0.0819559 -1.31151 0.0660719
0.774617 1.37395 -0.444045
0.749296 0.383691 -1.9554
-0.460082 -0.0545954 -0.133033
-1.69893 -1.21143 1.18635
0.738516 0.251484 -0.0876672
0.303072 1.04341 0.143542
0.77006 0.0241415 0.544051
0.529865 0.534971 -0.272048
1.85226 -0.398705 -1.13385
1.19824 -1.16984 -0.598087
-0.136939 -0.340985 2.12506
0.456618 -0.972463 2.02643
0.28155 1.3186 0.320413
1.60541 1.65176 -0.934243
0.186591 -0.248415 0.863857
-0.438997 -1.15473 2.64681
0.18603 0.192483 -0.904203
-1.03027 0.246856 -0.503568
0.853844 -1.9451 0.802222
0.735516 -3.14627 0.190067
0.247051 0.0634903 1.44446
-0.0106385 1.38774 0.63005
-0.484761 0.710172 0.0204653
-2.18304 -0.642745 -0.299223
0.173275 0.18414 0.547905
-0.0789758 0.790896 0.768094
0.589043 -0.440748 -0.0876409
-0.360609 -0.308027 -0.665945
0.214655 -0.723976 1.15359
0.261325 -1.16678 1.2677
1.66326 1.03612 -0.8904
0.24764 0.781683 -1.65134
-0.737624 -0.598519 -0.606418
-2.71743 -0.0204961 0.75767
-0.728196 1.34167 0.587191
0.602518 0.822186 -0.731134
-1.93666 -0.407138 -0.0225344
-1.05317 1.30148 -1.14563
-0.724971 0.493303 -0.90977
0.74419 -0.429201 -0.450147
-0.432068 0.406949 0.529509
0.802579 2.05168 1.45261
-0.060904 -0.949933 0.00279678
0.763083 -0.140412 1.23611
-0.514874 -0.812865 -1.16998
-0.765801 0.421952 -1.43948
-0.147211 0.490212 0.889942
-1.19902 0.502679 1.13947
-0.250561 0.170418 0.24473
0.302608 -0.69222 0.0146337
-2.12471 -0.438947 0.269942
-0.197648 1.56227 -2.24929
-0.385929 -0.369152 -1.41126
2.05765 0.577393 -0.333301
0.105528 0.085235 1.51841
-2.31533 1.81966 -1.28364
0.657961 -0.458016 -0.63905
1.23493 -2.01854 0.512098
-0.481588 1.13317 0.822453
0.570399 0.52056 -1.47587
1.15951 -0.629691 0.61302
-1.54979 -1.2683 1.14377
-0.757987 0.205065 -0.877737
0.692549 -0.775038 0.965631
-0.468575 -0.317745 -1.40548
-0.685791 -0.0806936 1.1676
0.62597 -0.28789 -0.23102
-1.04415 -0.0145819 1.41673
-1.02368 0.174879 0.0950595
-0.640501 -0.0760971 0.188267
-0.941826 1.00385 -0.288447
0.795816 -0.760223 -1.04843
-2.18066 -0.157063 0.338441
0.281553 -0.238609 1.1766
-0.201782 1.12498 1.22549
0.598639 1.38444 0.210914
-0.338364 -1.43429 -0.823033
1.0999 0.00595396 0.941684
0.824463 1.56234 -0.358474
1.63426 0.758386 -1.68372
-1.04589 -1.31489 1.65773
-0.0248123 -1.34105 -0.359273
0.640227 0.439729 -0.752126
1.08686 -0.102046 -0.180726
-0.635259 1.35762 -0.919179
-0.674831 -1.21024 -0.726406
0.86019 1.55194 0.335629
1.04345 -2.29616 0.465806
0.173212 -0.0852223 0.784468
0.558553 1.27646 0.978463
-0.675416 -2.66764 0.369999
0.155896 -0.563857 -0.576686
0.996804 1.06039 0.285367
1.2363 -1.47769 -0.485281
-2.65121 -1.70142 0.575266
-0.764486 0.332014 -0.680492
-0.514064 1.16402 1.97281
-0.186435 -0.724337 0.535421
0.16728 -0.786052 -0.685478
1.55589 -0.777749 -0.786841
1.06833 0.639083 0.227169
1.49563 -0.248143 3.20129
-0.215906 1.25134 0.495028
-0.0650005 -1.03746 -0.360714
-0.616809 -0.0562693 0.432477
0.690149 -0.454729 1.43154
-0.0267214 0.0933195 1.43588
-1.25754 -1.67758 -1.23438
0.429796 -0.655365 1.06599
-1.04905 -1.20865 0.75249
-3.08804 0.75602 -1.67061
-1.2391 0.221799 -1.56835
-1.64455 -0.141624 -2.36686
-0.483562 -2.05049 0.698836
-0.0180335 -1.19197 0.0944236
0.155554 0.368196 -0.68697
1.45195 -0.750684 -2.13443
