   11.2896
    8.8671
    9.9693
    9.1607
   11.9080
   10.3462
   11.4275
    9.8969
   12.3017
   10.3939
    9.6841
   10.3682
   11.5715
   11.0712
   11.6364
   10.4725
    8.5632
   11.7773
   11.1612
    9.6364
    8.4913
   10.0766
    9.4786
   10.0393
    8.7459
    9.5558
    9.1295
   11.3083
   10.9967
   11.6447
    9.5922
   11.4078
   10.2296
    9.3354
    9.4890
   10.7771
    7.5757
   10.7482
   11.1360
    9.0553
   10.7874
    8.5784
    8.8118
    9.5118
    9.6625
   10.8989
    9.6425
   10.4120
   10.8177
    8.0475
    8.9277
    9.8285
   10.5933
    9.4221
    9.9370
    9.6763
    9.9662
   11.0679
    9.5842
   10.4365
   11.2579
    9.9448
   10.2205
    9.8122
   11.5192
   11.1875
    9.4613
   10.4302
    9.8287
    8.9015
    9.9932
    9.1361
    7.5035
   10.1713
    9.8899
    9.4094
   10.1985
    8.8634
    9.7236
   10.1356
   12.3771
    9.3479
   10.7128
   10.1608
   11.4513
   10.6179
   10.9482
    9.1001
   11.3154
    9.5462
    8.7510
   11.0224
   10.6266
   10.7598
    8.6990
    9.9379
   10.0282
   11.4344
   10.7124
   11.6845
