3.8421e+00
2.0929e+00
3.7138e-01
3.2364e+00
4.0814e+00
2.6008e+00
5.1955e+00
7.1757e+00
1.9024e+00
4.7574e+00
2.0282e+00
1.0173e+00
2.4261e+00
6.2518e+00
1.7287e+00
2.1417e+00
2.1385e+00
9.0609e+00
2.2922e+00
1.1716e+00
3.2393e+00
3.2546e+00
1.5493e+00
3.4730e+00
7.5496e+00
1.2743e+00
2.6766e+00
2.2626e+00
3.7078e+00
1.7003e+00
2.6332e+00
2.2570e+00
1.2335e+00
3.6112e+00
5.0866e-01
2.9019e+00
3.1789e+00
3.5094e+00
2.1302e+00
2.5513e+00
2.1421e+00
3.2027e+00
4.9662e+00
3.3637e+00
3.0645e+00
1.4598e+00
1.4975e+00
2.3082e+00
6.4079e+00
3.7466e+00
1.4806e+00
5.8330e+00
3.1293e+00
3.4438e+00
2.7256e+00
9.8024e-01
9.1127e-01
3.5478e+00
2.5349e+00
1.7708e+00
1.1746e+00
3.1676e+00
7.1477e+00
1.7917e+00
2.9806e+00
1.2259e+00
1.7654e+00
4.8937e+00
2.0343e+00
2.2186e+00
6.3913e+00
3.0847e-01
3.4912e+00
3.2961e+00
2.9210e+00
3.4316e+00
5.3290e+00
3.3014e+00
5.0767e+00
2.8475e+00
7.6051e+00
2.4825e+00
2.0966e+00
3.3433e+00
4.4649e+00
1.8624e+00
4.2980e-01
6.8474e+00
3.5095e+00
1.6872e+00
2.0643e+00
1.7404e+00
3.6272e+00
3.1277e+00
2.8916e+00
1.4268e+00
3.1401e+00
2.4081e+00
3.6804e+00
3.3266e+00
